amendment_palette <- c("#9c0000", "#ff9100", "#ff0077")
well_palette <- c("#da3b26", "#479ff8", "#004d01")
well_palette_w_BA1D <- c("#207596", "#2c5e43", "#0b9e4d", "#000000")